1.
4
8
20
9
3
15
6
6
?
(a) 22
(b) 18
(c) 16
(d) 20
2.
18
16
7
35
25
?
7
23
58
24
32
65
(a) 17
(b) 15
(c) 13
(d) 14
3.
2
4
6
6
2
4
4
?
2
(a) 2
(b) 4
(c) 6
(d) 8
4.
15
225
30
7
70
20
3
?
8
(a) 12
(b) 16
(c) 24
(d) 70
5.
4
7
9
8
6
8
3
7
9
35
49
?
(a) 89
(b) 81
(c) 64
(d) 63
Practice Sheet
Missing Number
6.
7
6
8
5
4
9
3
2
1
83
56
?
(a) 128
(b) 136
(c) 148
(d) 146
7.
4
5
6
2
3
7
1
8
3
21
98
?
(a) 73
(b) 16
(c) 94
(d) 76
8.
36
25
64
16
9
36
4
1
?
(a) 49
(b) 64
(c) 25
(d) 16
9.
108
17
9
208
31
8
245
?
7
(a) 35
(b) 25
(c) 40
(d) 32
10.
5
1
25
6
2
18
10
4
25
3
3
?
(a) 10
(b) 9
(c) 3
(d) 5
Reasoning
11.
5
7
9
9
6
4
36
36
?
(a) 40
(b) 32
(c) 36
(d) 42
12.
5
17
9
3
21
7
7
16
8
6
10
?
(a) 10
(b) 12
(c) 15
(d) 16
13.
874
1
3
5
2
4
6
3
1
9
1
7
?
(a) 4
(b) 6
(c) 8
(d) 2
14.
(a) 60
(b) 84
(c) 120
(d) 27
15.
2
3
8
4
5
10
6
7
12
32
50
?
(a) 200
(b) 92
(c) 128
(d) 30
16.
(a) 615
(b) 575
(c) 729
(d) 340
17.
5
122
50
10
?
(a) 26
(b) 27
(c) 25
(d) 23
18.
(a) 84
(b) 74
(c) 94
(d) 104
19.
9
11
13
13
15
17
10
12
14
14
16
18
11
13
?
(a) 14
(b) 15
(c) 21
(d) 22
20.
14
9
12
11
36
54
7
16
3
?
(a) 16
(b) 12
(c) 17
(d) 18
21.
137
8
2
?
17
(a) 907
(b) 1097
(c) 97
(d) 9107
22.
7
5
3
8
4
9
2
8
?
112
160
162
(a) 8
(b) 6
(c) 12
(d) 4
23.
3
2
-2
0
6
2
-1
4
?
5
4 24
(a) 11
(b) 30
(c) 1
(d) 0
24.
2
4
2
3
9
3
4
16
4
8
64
?
(a) 24
(b) 8
(c) 16
(d) 9
25.
(a) 5634
(b) 5364
(c) 6543
(d) 3564
26.
I
25
15
40
8
II
65
25
90
(?)
III
45
15
60
12
(a) 24
(b) 12
(c) 6
(d) 18
27.
64
121
21
?
49
100
36
81
(a) 10
(b) 30
(c) 41
(d) 20
28.
18
21
24
3
9
3
6
4
8
21
26
?
(a) 24
(b) 29
(c) 27
(d) 22
29.
(a) 154
(b) 535
(c) 451
(d) 702
30.
2
2
5
4
2
3
1
3
12
30
-5
?
3
5
-1
-1
(a) 9
(b) 12
(c) 7
(d) –12
31.
I
40
32
72
12
II
30
24
54
9
III
54
?
90
15
(a) 36
(b) 48
(c) 49
(d) 46
32.
4
7
11
64
343
?
(a) 1321
(b) 1332
(c) 1231
(d) 1331
33.
3
7
10
60
84
?
5
2
1
4
1
3
1
6
3
(a) 12
(b) 16
(c) 90
(d) 48
34.
6
21
14
40
500
?
8
25
7
(a) 98
(b) 91
(c) 78
(d) 84
35.
7
13
6
4
22
18
15
?
7
(a) 22
(b) 24
(c) 23
(d) 21
36.
10
3
14
49
15
68
33
19
?
(a) 27
(b) 28
(c) 29
(d) 25
37.
21
18
32
19
22
?
299
296
348
(a) 28
(b) 30
(c) 24
(d) 14
38.
42
37
?
18
24
36
252
296
540
(a) 50
(b) 40
(c) 55
(d) 45
39.
15
3
24
21
6
30
49
5
?
(a) 82
(b) 92
(c) 98
(d) 88
40.
10
4
7
5
15
7
8
25
14
3
6
12
10
?
14
65
(a) 10
(b) 14
(c) 18
(d) 16
